"x"
139753
139810
157104
920922
945545
1081781
1081791
1240409
1882683
1882706
1882847
2081333
2123914
2527199
2527379
2589400
2848110
2852810
2998280
2998619
3194670
3194673
3205252
3375254
3375911
3376330
3873116
3873152
4175293
4175573
4180789
4244157
4429897
4430055
4679467
4766694
4835472
4835540
4835596
4835658
4835690
4835949
4836190
4836270
4912321
4912526
5479958
5479991
5480277
5480312
5480980
5821018
5821159
5821618
5966698
5966738
6041221
6041339
6041506
6121326
6401332
6784084
6960673
6960836
6960889
6961472
7602160
8510027
9243581
9243719
9300391
9300541
10069039
10429605
10432605
10432680
10533421
11414308
11414383
11414423
11414470
11924901
11972467
11992708
12075777
12543294
13058709
13058813
13542371
13546326
13779694
13779745
13779884
14354166
14354237
14721554
15335449
15335531
15335577
16264730
16960436
16960510
16960633
16966348
17015152
17397465
17397515
17397615
17645859
17645938
17646056
17646117
17653885
18240488
18502179
18903460
19252371
19252475
19252762
19292988
19461323
19461458
19837491
19837545
20029738
20029747
20065054
20201009
20451157
20837292
20837423
20837504
21135142
21135254
21136819
21137213
21137286
21201138
21201165
21457466
21457569
21624035
21771297
21771433
21811770
21811793
22002548
22002625
22002659
22274672
22276752
22277128
22404308
22429044
22429124
22429274
22952214
23005432
23874393
23874474
24028611
24028795
24028867
24557261
25035236
25192009
25335322
25335362
25965887
25965933
26661424
26661490
26661507
26982383
27403404
27403892
28318787
28596680
29693448
29693561
31695534
31695569
31946045
31946186
32583282
32583345
33043784
33824834
33979012
33979080
33979181
34077450
34326335
34326561
34586816
34586850
34586858
34889155
34889189
34889489
34889509
35620725
35621803
35621919
36047409
36548480
36548526
36548602
36605422
37328339
37421825
37511797
38352327
38941090
39489976
39490060
39975220
39975317
39992968
39992991
39993067
41189019
41196048
41198386
41231817
41505016
43256960
43580042
43580066
43580106
43923270
43923377
43923473
43936126
43948264
43948320
44359301
44359430
44359547
44553828
44554995
44555242
44606521
44606596
45675053
47028353
47923897
47924645
47925244
47925282
47925355
47925467
47926037
47926345
47926413
47926730
48775838
48828227
49713883
50197355
50197644
51443123
53357515
55324262
55324334
56389457
56389507
56389557
56454240
56930271
57933548
59789931
59789965
60100774
60100989
60767888
60767943
60767994
60775971
60776323
60964310
60964409
60964602
61492543
61492683
61763079
61898524
62062924
62407447
62415995
62870552
63234203
63234263
63234310
63417714
63418034
63418171
63418190
63547171
63547199
63547250
63547256
63913289
64413079
64413280
65108102
65742041
65742112
65742301
66131678
66131744
66290049
66290755
66290994
66408538
66408674
67283995
67284085
68322875
68419601
68419832
68419948
68420111
68476007
68477778
68478278
68478548
68803444
69079684
69427796
69427885
69427985
69439376
69439550
69439911
69439961
69623218
69623275
69623323
69840279
71120220
71120324
71120376
71680344
72258299
73140552
75234294
75728833
76419367
77788745
78017780
78756195
78756245
78946415
78946482
80010049
80010397
80011012
80011658
80533898
80534176
80534244
81808425
82173017
82173052
82511779
83064659
83064683
83357417
83595286
83913342
83959651
83960023
84002430
84518272
84518305
85125129
85125156
85334547
86327620
86327655
86327722
87911166
88120268
88120483
88604674
88863284
91466580
91651999
91704093
92705503
92862265
92862674
94285743
95541392
95897171
96216125
96216463
98507715
100227859
102663486
102663629
102663772
103665461
104237516
104237592
104237687
104537850
104898448
104898467
104898544
104898621
104898624
104898656
104899119
104899269
104938513
104998371
106620017
106631676
106631769
106632816
106632820
106632849
106780310
106780357
109542101
109909675
113503635
113503659
113705211
113705266
114589552
114589965
115257234
115280978
115392917
116787172
117797175
118741714
119703101
119741405
121241431
121839592
122373056
122373149
122517816
122795210
122795343
122795391
122795421
122796096
122796119
122796274
122849505
123175449
123268237
123273467
123932505
124027590
124619424
125052222
125192339
125192462
125192483
125230104
125465928
126415640
126584378
127003264
127435303
127435474
128180206
128552748
129048317
129381947
129384587
129730703
130170772
131092323
131405350
131405904
131405995
131576037
131576099
132078067
132078952
132079083
132079305
132079328
132084452
132084516
132084997
132734849
132735191
132735271
132735518
132735656
132749967
133090099
133482411
133484968
133484983
133757006
133818011
133825665
133825812
133825909
133825912
133825965
134034407
134034686
134034875
134850306
137480801
137628516
137629283
139381999
139404579
139404709
139668467
140152256
140152258
140152310
140264872
140264946
140264993
140493174
140523988
140524105
140524287
140541669
140541768
141805491
141942780
141942814
142135761
142135807
142271047
142271439
142431173
142499873
142500070
142854665
142854744
142887237
143676107
144013500
144141536
144443084
144466196
144466218
144528504
144528591
144652871
144884172
145056593
145056736
145056896
145827559
145827611
145827685
145912535
146239224
146470580
146470644
146599154
146599484
146670143
147049220
147187128
147302259
147302331
147384958
148401074
148401263
148408488
148711030
149398788
150470602
150709580
150709624
150709920
150709947
150710621
150711463
150711736
150712441
150712539
150749370
151289826
151289948
151622827
151993489
152631890
152631991
153293139
153293180
153293324
153293452
153293454
153355063
153355348
153373467
153373529
153373598
153447034
153447067
153447109
154182352
155258569
155326020
155435599
156289504
156289793
156289818
157104591
157129197
157129313
157152608
157318000
157318105
157318250
157472833
157472883
157473046
158727917
158727996
158728045
158728965
158729314
158729405
158729616
158733124
158733204
158733225
158733284
159619959
159808188
159897914
160173922
160467612
161167688
161167790
161472433
161516074
161518065
161518116
161520499
161570166
161572452
161572823
161879250
162157784
162158231
162158331
162158551
162158783
162159069
162159272
162159448
162159968
162222117
162531108
162531294
162822752
162822788
162822817
162823104
163565396
163565429
163565496
163572301
163617500
163617645
163617892
163618708
164419373
164419435
164470369
164941846
165094873
165275756
165518207
165724924
165994838
165994893
165994896
166182700
166182794
166979956
166980037
167014816
167060647
167060733
167218288
167889682
167889790
167889821
167939710
168443677
168443701
168637658
169017514
169067788
169067986
169265448
169327292
169524428
169719615
169719715
170377859
170377897
170377910
171364514
171688876
171689041
171689147
171689181
171935683
171935933
172692287
173094139
173094351
173687507
173860756
175051298
175051864
177974968
177975706
177975924
177976199
180171012
180273983
180273993
180274135
180341137
180804966
180805978
180806519
180806661
180806934
180807207
180807381
180807590
181362666
181362952
183706112
184587467
185103471
185103474
185989508
186070362
186070557
187225116
187225134
187225194
187495335
187495401
187495431
187495476
187604290
187604432
188047739
188047770
188047803
188047850
188047932
188048031
188293932
189138110
189467910
190229809
190229872
191075724
192778685
192864975
192865132
192865213
193202013
193296367
193296408
193880141
194250329
194643852
194643970
194696599
194749351
194749371
195724313
197456470
197964459
198534067
198534153
198534192
200813312
201295597
201790247
201957482
202135418
202847197
202847226
203385274
203908761
206664777
206664914
206665028
206760693
206760843
206889384
206889455
206889649
206974644
207125505
207125619
207125810
209957628
209957849
210890712
210890886
213271532
214263400
214424975
214442805
214840411
214840985
214841045
214841109
215393136
215393255
215393294
215393350
215393400
215472483
216832881
216833018
217329647
217329679
217788160
217788232
217788271
219201506
219309085
220264713
220857872
221730615
222114560
222114627
222134910
222134965
222135246
224518576
224518818
226872236
226884613
228614270
228991006
228991012
231037244
231037305
231037458
233128502
233128584
233129091
233129138
233401008
233401171
237639037
237639087
237639137
238902054
238902078
240498509
240574247
240574418
240769180
243003350
243003494
243222842
243222845
244992844
245051649
245653184
247821390
248503298
251196990
251197217
251197251
255148812
258064025
263276005
263276247
263276335
263637986
264795088
264847429
264847469
264847517
264849536
265199449
268082607
268082618
270363859
270363945
273531917
276161539
276161562
276161977
276162208
280215146
280215196
284407357
284407382
284407493
284407522
284407550
285977254
285977327
286642571
286642715
287641039
291738809
291833188
291833767
291833791
291834351
291983425
291983606
291983663
292728854
292728923
293632755
295459549
295771152
298082468
298082504
298082534
298082627
298412984
NA
NA
NA
NA
NA
NA
NA
NA
NA
NA
NA
NA
NA
NA
NA
NA
NA
NA
NA
NA
NA
NA
NA
NA
NA
NA
NA
NA
NA
NA
NA
NA
NA
NA
NA
NA
NA
NA
NA
NA
NA
NA
NA
NA
